name: background_estimate_6k
mean: 132.12031ms
min: 127.403167ms
max: 137.926092ms
median: 129.618478ms
iterations: 5
vs_previous: 126.89816ms -> 132.12031ms (+4.1%) same
