name: background_estimate_6k
mean: 131.46649ms
min: 125.604171ms
max: 134.86806ms
median: 134.018925ms
iterations: 5
vs_previous: 119.428023ms -> 131.46649ms (+10.1%) SLOWER
