name: background_estimate_6k
mean: 130.475266ms
min: 127.526007ms
max: 135.47942ms
median: 129.87118ms
iterations: 5
vs_previous: 132.12031ms -> 130.475266ms (-1.2%) same
