name: background_estimate_6k
mean: 123.385528ms
min: 122.230714ms
max: 124.889689ms
median: 123.272621ms
iterations: 5
vs_previous: 119.447046ms -> 123.385528ms (+3.3%) same
