name: background_estimate_6k
mean: 119.428023ms
min: 118.891075ms
max: 120.257397ms
median: 119.288315ms
iterations: 5
vs_previous: 130.475266ms -> 119.428023ms (-8.5%) faster
