name: background_estimate_6k
mean: 126.89816ms
min: 125.905415ms
max: 128.85078ms
median: 126.021806ms
iterations: 5
