name: background_estimate_6k
mean: 120.675567ms
min: 119.869684ms
max: 121.315094ms
median: 120.588321ms
iterations: 5
vs_previous: 120.352719ms -> 120.675567ms (+0.3%) same
