name: background_estimate_6k
mean: 119.447046ms
min: 116.980973ms
max: 121.822686ms
median: 119.516062ms
iterations: 5
vs_previous: 131.46649ms -> 119.447046ms (-9.1%) faster
