name: bench_extract_candidates_6k_globular_cluster_multithreshold
mean: 677.583729ms
min: 656.4895ms
max: 702.977333ms
median: 675.645167ms
iterations: 10
vs_previous: 606.518429ms -> 677.583729ms (+11.7%) SLOWER