name: bench_detect_6k_globular_cluster
mean: 407.648156ms
min: 393.435459ms
max: 465.888292ms
median: 402.33925ms
iterations: 30
vs_previous: 396.87492ms -> 407.648156ms (+2.7%) same