name: bench_dilate_mask_6k
mean: 1.661937ms
min: 1.489917ms
max: 1.819ms
median: 1.665917ms
iterations: 10
vs_previous: 1.846521ms -> 1.661937ms (-10.0%) faster