name: bench_find_local_maxima_6k_dense
mean: 36.068487ms
min: 35.966529ms
max: 36.316893ms
median: 36.009162ms
iterations: 5
vs_previous: 16.007148ms -> 36.068487ms (+125.3%) SLOWER