name: bench_extract_candidates_4k_dense_multithreshold
mean: 10.798058ms
min: 10.781046ms
max: 10.818718ms
median: 10.794412ms
iterations: 3
vs_previous: 10.821727ms -> 10.798058ms (-0.2%) same