name: bench_detect_stars_6k_50000
mean: 233.724187ms
min: 227.710458ms
max: 242.500917ms
median: 232.758208ms
iterations: 10
vs_previous: 261.510667ms -> 232.758208ms (-11.0%) faster