name: bench_extract_candidates_4k_dense_multithreshold
mean: 27.897911ms
min: 27.760319ms
max: 28.125106ms
median: 27.80831ms
iterations: 3
vs_previous: 27.792547ms -> 27.897911ms (+0.4%) same