name: bench_extract_candidates_6k_globular_cluster_multithreshold
mean: 554.208245ms
min: 541.94275ms
max: 568.009ms
median: 557.652334ms
iterations: 10
vs_previous: 560.90025ms -> 557.652334ms (-0.6%) same