name: bench_detect_stars_6k_50000
mean: 235.173987ms
min: 232.386125ms
max: 244.174375ms
median: 234.4045ms
iterations: 10
vs_previous: 243.75275ms -> 234.4045ms (-3.8%) same