name: bench_label_map_from_mask_6k_globular
mean: 3.748075ms
min: 3.560416ms
max: 4.079334ms
median: 3.76125ms
iterations: 10
vs_previous: 3.653917ms -> 3.76125ms (+2.9%) same