name: bench_detect_6k_globular_cluster
mean: 395.062109ms
min: 374.846042ms
max: 588.628459ms
median: 381.410417ms
iterations: 30
vs_previous: 440.553222ms -> 395.062109ms (-10.3%) faster