name: bench_extract_candidates_4k_dense_multithreshold
mean: 10.884752ms
min: 10.824804ms
max: 10.920057ms
median: 10.909397ms
iterations: 3
vs_previous: 10.798058ms -> 10.884752ms (+0.8%) same