name: bench_extract_candidates_6k_dense
mean: 77.654283ms
min: 73.59225ms
max: 103.003833ms
median: 76.860542ms
iterations: 430
vs_previous: 77.788667ms -> 76.860542ms (-1.2%) same