name: bench_label_map_from_mask_6k_globular
mean: 5.77727ms
min: 5.251584ms
max: 6.898708ms
median: 5.698208ms
iterations: 10
vs_previous: 7.296541ms -> 5.698208ms (-21.9%) faster