name: bench_extract_candidates_4k_sparse
mean: 11.201279ms
min: 11.037965ms
max: 11.360479ms
median: 11.205394ms
iterations: 3
vs_previous: 13.806896ms -> 11.201279ms (-18.9%) faster