name: bench_detect_stars_filtered_1k
mean: 142.199427ms
min: 141.034708ms
max: 143.530579ms
median: 141.841299ms
iterations: 5
