name: bench_detect_stars_filtered_1k
mean: 141.949012ms
min: 140.68702ms
max: 143.824789ms
median: 141.264205ms
iterations: 5
