name: bench_detect_stars_filtered_1k
mean: 149.629ms
min: 99.79779ms
max: 259.661439ms
median: 128.281904ms
iterations: 5
vs_previous: 172.264198ms -> 149.629ms (-13.1%) faster
