name: bench_detect_stars_filtered_1k
mean: 142.505364ms
min: 141.553524ms
max: 143.676968ms
median: 142.425437ms
iterations: 5
