name: bench_dilate_mask_6k
mean: 1.36037ms
min: 1.214292ms
max: 1.589334ms
median: 1.403833ms
iterations: 10
vs_previous: 1.361162ms -> 1.36037ms (-0.1%) same