name: bench_detect_stars_filtered_1k
mean: 144.453734ms
min: 143.143886ms
max: 146.884662ms
median: 144.100601ms
iterations: 5
