name: bench_dilate_mask_6k
mean: 74.383108ms
min: 71.820666ms
max: 79.806083ms
median: 74.025791ms
iterations: 10
vs_previous: 89.281996ms -> 74.383108ms (-16.7%) faster