name: bench_deblend_multi_threshold_6k_dense_fewer_levels
mean: 868.185996ms
min: 846.224134ms
max: 886.928515ms
median: 871.405341ms
iterations: 3
