name: bench_detect_6k_globular_cluster
mean: 380.284388ms
min: 359.629916ms
max: 434.830208ms
median: 373ms
iterations: 30
vs_previous: 404.115166ms -> 380.284388ms (-5.9%) faster