name: bench_detect_stars_filtered_1k
mean: 143.255753ms
min: 142.004481ms
max: 144.12954ms
median: 143.570289ms
iterations: 5
vs_previous: 143.695101ms -> 143.255753ms (-0.3%) same
