name: bench_detect_stars_filtered_1k
mean: 202.127354ms
min: 115.608154ms
max: 272.56265ms
median: 188.065496ms
iterations: 5
vs_previous: 149.629ms -> 202.127354ms (+35.1%) SLOWER
