name: bench_detect_6k_globular_cluster
mean: 625.770579ms
min: 613.239208ms
max: 692.049917ms
median: 619.830459ms
iterations: 10
vs_previous: 776.283891ms -> 625.770579ms (-19.4%) faster