name: bench_dilate_mask_6k
mean: 1.944514ms
min: 1.753334ms
max: 4.739167ms
median: 1.834333ms
iterations: 40
vs_previous: 2.31694ms -> 1.944514ms (-16.1%) faster