name: bench_detect_6k_globular_cluster
mean: 438.214052ms
min: 394.549291ms
max: 664.806833ms
median: 410.009041ms
iterations: 30
vs_previous: 521.57679ms -> 438.214052ms (-16.0%) faster