name: bench_dilate_mask_6k
mean: 1.808835ms
min: 1.726666ms
max: 2.165417ms
median: 1.794333ms
iterations: 200
vs_previous: 1.944514ms -> 1.808835ms (-7.0%) faster