name: bench_label_map_from_mask_4k
mean: 1.616916ms
min: 1.554625ms
max: 1.691542ms
median: 1.604583ms
iterations: 3
vs_previous: 1.747666ms -> 1.604583ms (-8.2%) faster