name: bench_detect_6k_globular_cluster
mean: 499.218429ms
min: 490.918375ms
max: 527.560042ms
median: 495.521083ms
iterations: 10
vs_previous: 519.562237ms -> 499.218429ms (-3.9%) same