name: bench_extract_candidates_6k_dense
mean: 72.825777ms
min: 69.355667ms
max: 110.446834ms
median: 71.798292ms
iterations: 430
vs_previous: 76.860542ms -> 71.798292ms (-6.6%) faster