name: bench_label_map_from_mask_6k_globular
mean: 7.678562ms
min: 6.911667ms
max: 8.174375ms
median: 7.965625ms
iterations: 10
vs_previous: 15.665ms -> 7.965625ms (-49.2%) faster
