name: bench_extract_candidates_4k_dense
mean: 10.820311ms
min: 10.757742ms
max: 10.888512ms
median: 10.81468ms
iterations: 3
vs_previous: 11.02044ms -> 10.820311ms (-1.8%) same