name: bench_detect_6k_globular_cluster
mean: 519.562237ms
min: 480.913625ms
max: 623.063125ms
median: 500.286875ms
iterations: 10
vs_previous: 508.868566ms -> 519.562237ms (+2.1%) same