name: bench_detect_6k_globular_cluster
mean: 1.219166195s
min: 1.190035916s
max: 1.365896833s
median: 1.2045175s
iterations: 10
vs_previous: 1.178963018s -> 1.219166195s (+3.4%) same