name: bench_detect_6k_globular_cluster
mean: 489.684975ms
min: 478.048292ms
max: 511.191083ms
median: 488.434667ms
iterations: 10
vs_previous: 499.218429ms -> 489.684975ms (-1.9%) same