name: bench_tile_grid_6k_with_mask
mean: 69.001205ms
min: 66.347417ms
max: 83.752917ms
median: 68.841417ms
iterations: 50
vs_previous: 69.145755ms -> 69.001205ms (-0.2%) same