name: bench_extract_candidates_6k_dense
mean: 77.119366ms
min: 64.574042ms
max: 243.64425ms
median: 66.703375ms
iterations: 430
vs_previous: 71.704292ms -> 66.703375ms (-7.0%) faster