name: bench_detect_stars_filtered_6k
mean: 1.557302469s
min: 1.557302469s
max: 1.557302469s
median: 1.557302469s
iterations: 1
vs_previous: 127.107348ms -> 1.557302469s (+1125.2%) SLOWER
