name: bench_detect_6k_globular_cluster
mean: 373.96964ms
min: 355.355958ms
max: 438.792542ms
median: 368.80125ms
iterations: 30
vs_previous: 364.495375ms -> 368.80125ms (+1.2%) same