name: bench_extract_candidates_4k_dense
mean: 11.301067ms
min: 11.079865ms
max: 11.589889ms
median: 11.233448ms
iterations: 3
vs_previous: 13.6676ms -> 11.301067ms (-17.3%) faster