name: bench_extract_candidates_4k_dense
mean: 10.842568ms
min: 10.831651ms
max: 10.849365ms
median: 10.84669ms
iterations: 3
vs_previous: 10.949907ms -> 10.842568ms (-1.0%) same