name: bench_detect_6k_globular_cluster
mean: 776.283891ms
min: 742.195375ms
max: 847.622083ms
median: 769.134167ms
iterations: 10
vs_previous: 1.219166195s -> 776.283891ms (-36.3%) faster