name: bench_extract_candidates_6k_globular_cluster_multithreshold
mean: 585.72782ms
min: 574.04875ms
max: 611.141917ms
median: 583.372584ms
iterations: 10
vs_previous: 584.914291ms -> 583.372584ms (-0.3%) same