name: bench_deblend_local_maxima_6k_dense_tight_separation
mean: 97.908785ms
min: 97.87048ms
max: 97.969079ms
median: 97.89685ms
iterations: 5
vs_previous: 121.068553ms -> 97.908785ms (-19.1%) faster