name: bench_detect_stars_filtered_1k
mean: 3.040128ms
min: 2.738316ms
max: 3.412484ms
median: 2.869557ms
iterations: 5
vs_previous: 202.127354ms -> 3.040128ms (-98.5%) faster
