name: bench_extract_candidates_6k_dense
mean: 206.33391ms
min: 198.71275ms
max: 213.171583ms
median: 206.461667ms
iterations: 50
vs_previous: 208.735ms -> 206.461667ms (-1.1%) same