name: bench_detect_stars_filtered_6k
mean: 124.99854ms
min: 123.52775ms
max: 127.498606ms
median: 123.969265ms
iterations: 3
vs_previous: 1.545757055s -> 124.99854ms (-91.9%) faster
