name: bench_detect_stars_filtered_6k
mean: 123.318604ms
min: 120.408173ms
max: 125.380891ms
median: 124.16675ms
iterations: 3
vs_previous: 2.742357488s -> 123.318604ms (-95.5%) faster
