name: bench_detect_6k_globular_cluster
mean: 491.138512ms
min: 483.405667ms
max: 504.0125ms
median: 490.921541ms
iterations: 10
vs_previous: 489.684975ms -> 491.138512ms (+0.3%) same