name: bench_dilate_mask_6k
mean: 76.399583ms
min: 69.174584ms
max: 90.394958ms
median: 75.683ms
iterations: 10
vs_previous: 84.779887ms -> 76.399583ms (-9.9%) faster