name: bench_extract_candidates_6k_globular_cluster_multithreshold
mean: 553.768362ms
min: 549.0845ms
max: 559.2645ms
median: 554.241833ms
iterations: 10
vs_previous: 582.15175ms -> 554.241833ms (-4.8%) same