name: bench_tile_grid_6k_with_mask
mean: 27.049233ms
min: 25.722417ms
max: 36.333959ms
median: 26.6145ms
iterations: 50
vs_previous: 32.446037ms -> 27.049233ms (-16.6%) faster