name: bench_extract_candidates_6k_globular_cluster_multithreshold
mean: 403.657492ms
min: 397.753105ms
max: 411.868544ms
median: 402.916652ms
iterations: 10
vs_previous: 554.241833ms -> 402.916652ms (-27.3%) faster