name: bench_detect_stars_filtered_1k
mean: 143.695101ms
min: 142.744196ms
max: 145.005456ms
median: 143.710227ms
iterations: 5
vs_previous: 149.717583ms -> 143.695101ms (-4.0%) same
