name: bench_extract_candidates_6k_dense
mean: 15.435231ms
min: 12.802542ms
max: 30.830625ms
median: 14.514667ms
iterations: 430
vs_previous: 14.49ms -> 14.514667ms (+0.2%) same