name: bench_detect_6k_globular_cluster
mean: 521.57679ms
min: 509.36475ms
max: 576.560334ms
median: 519.2135ms
iterations: 30
vs_previous: 559.795679ms -> 521.57679ms (-6.8%) faster