name: bench_tile_grid_6k_with_mask
mean: 28.71243ms
min: 27.151416ms
max: 35.149667ms
median: 28.024375ms
iterations: 50
vs_previous: 31.754272ms -> 28.71243ms (-9.6%) faster