name: bench_extract_candidates_6k_globular_cluster_multithreshold
mean: 444.268717ms
min: 441.740711ms
max: 446.310444ms
median: 444.754996ms
iterations: 3
vs_previous: 454.530796ms -> 444.268717ms (-2.3%) same