name: bench_detect_6k_globular_cluster
mean: 404.115166ms
min: 361.463292ms
max: 480.143083ms
median: 397.212917ms
iterations: 30
vs_previous: 374.370056ms -> 404.115166ms (+7.9%) SLOWER