name: bench_tile_grid_6k_with_mask
mean: 28.43408ms
min: 27.093541ms
max: 40.808959ms
median: 28.038666ms
iterations: 50
vs_previous: 28.399616ms -> 28.43408ms (+0.1%) same