name: bench_dilate_mask_6k
mean: 1.824546ms
min: 1.747292ms
max: 2.633458ms
median: 1.804625ms
iterations: 200
vs_previous: 1.836742ms -> 1.824546ms (-0.7%) same