name: bench_extract_candidates_6k_globular_cluster_multithreshold
mean: 250.769905ms
min: 247.279127ms
max: 256.900306ms
median: 250.542908ms
iterations: 10
vs_previous: 246.998095ms -> 250.542908ms (+1.4%) same