name: bench_detect_stars_filtered_1k
mean: 144.26978ms
min: 143.074776ms
max: 145.937694ms
median: 144.271992ms
iterations: 5
