name: bench_detect_stars_filtered_1k
mean: 241.581078ms
min: 146.594525ms
max: 373.413846ms
median: 208.996852ms
iterations: 5
vs_previous: 123.303573ms -> 241.581078ms (+95.9%) SLOWER
