name: bench_detect_stars_6k_50000
mean: 234.241529ms
min: 228.205833ms
max: 242.480875ms
median: 231.780459ms
iterations: 10
vs_previous: 232.758208ms -> 231.780459ms (-0.4%) same