name: bench_detect_6k_globular_cluster
mean: 1.193229322s
min: 1.188915394s
max: 1.195828152s
median: 1.194944421s
iterations: 3
vs_previous: 508.361064ms -> 1.193229322s (+134.7%) SLOWER