name: bench_extract_candidates_6k_globular_cluster
mean: 433.756152ms
min: 431.236499ms
max: 436.364544ms
median: 433.667415ms
iterations: 3
vs_previous: 440.47878ms -> 433.756152ms (-1.5%) same