name: bench_label_map_from_mask_4k
mean: 2.128416ms
min: 2.0235ms
max: 2.3065ms
median: 2.05525ms
iterations: 3
vs_previous: 5.137792ms -> 2.05525ms (-60.0%) faster