name: bench_detect_6k_globular_cluster
mean: 508.5906ms
min: 485.666375ms
max: 561.45875ms
median: 514.59525ms
iterations: 10
vs_previous: 491.138512ms -> 508.5906ms (+3.6%) same