name: bench_extract_candidates_4k_sparse
mean: 11.061736ms
min: 11.013113ms
max: 11.110189ms
median: 11.061906ms
iterations: 3
vs_previous: 10.875022ms -> 11.061736ms (+1.7%) same