name: bench_label_map_from_mask_6k_globular
mean: 11.710555ms
min: 11.312709ms
max: 12.970765ms
median: 11.641716ms
iterations: 10
vs_previous: 11.67945ms -> 11.641716ms (-0.3%) same