name: bench_extract_candidates_6k_globular_cluster_multithreshold
mean: 585.312216ms
min: 575.843917ms
max: 607.793333ms
median: 584.914291ms
iterations: 10
vs_previous: 581.930875ms -> 584.914291ms (+0.5%) same