name: bench_label_map_from_mask_6k_globular
mean: 55.759316ms
min: 55.554125ms
max: 56.277583ms
median: 55.745834ms
iterations: 10
vs_previous: 55.889741ms -> 55.759316ms (-0.2%) same