name: bench_deblend_multi_threshold_6k_dense
mean: 1.324788886s
min: 1.323029796s
max: 1.326724703s
median: 1.32461216s
iterations: 3
vs_previous: 1.340271644s -> 1.324788886s (-1.2%) same