name: bench_deblend_local_maxima_6k_dense_tight_separation
mean: 94.880375ms
min: 94.793503ms
max: 94.948851ms
median: 94.876943ms
iterations: 5
vs_previous: 651.398194ms -> 94.880375ms (-85.4%) faster