name: bench_extract_candidates_6k_dense
mean: 152.646294ms
min: 150.388522ms
max: 158.350943ms
median: 152.187716ms
iterations: 50
vs_previous: 205.851625ms -> 152.187716ms (-26.1%) faster