name: bench_detect_stars_filtered_1k
mean: 147.297629ms
min: 146.938049ms
max: 147.961983ms
median: 147.157207ms
iterations: 5
