name: bench_detect_6k_globular_cluster
mean: 429.788973ms
min: 409.577208ms
max: 530.352625ms
median: 422.041166ms
iterations: 30
vs_previous: 373ms -> 422.041166ms (+13.1%) SLOWER