name: bench_dilate_mask_6k
mean: 1.361162ms
min: 1.223542ms
max: 1.756417ms
median: 1.360875ms
iterations: 10
vs_previous: 1.716729ms -> 1.361162ms (-20.7%) faster