name: bench_detect_6k_globular_cluster
mean: 392.991744ms
min: 386.661375ms
max: 406.841875ms
median: 391.618083ms
iterations: 30
vs_previous: 407.648156ms -> 392.991744ms (-3.6%) same