name: estimate_background_iterative_6k
mean: 485.167565ms
min: 481.480887ms
max: 491.711506ms
median: 484.818595ms
iterations: 5
vs_previous: 487.037505ms -> 485.167565ms (-0.4%) same
