name: estimate_background_iterative_6k
mean: 316.28675ms
min: 312.156106ms
max: 323.311384ms
median: 316.691539ms
iterations: 5
vs_previous: 309.560799ms -> 316.28675ms (+2.2%) same
