name: bench_threshold_mask_4k/filtered_simd
mean: 2.501386ms
min: 2.346958ms
max: 3.066041ms
median: 2.475ms
iterations: 200
vs_previous: 2.669068ms -> 2.501386ms (-6.3%) faster