name: bench_threshold_mask_4k/filtered_simd
mean: 2.712716ms
min: 2.47525ms
max: 2.994458ms
median: 2.664ms
iterations: 10
vs_previous: 2.698004ms -> 2.712716ms (+0.5%) same