name: bench_threshold_mask_4k/filtered_scalar
mean: 12.287164ms
min: 12.074709ms
max: 13.305917ms
median: 12.237917ms
iterations: 50
vs_previous: 12.395187ms -> 12.287164ms (-0.9%) same