name: bench_threshold_mask_4k/filtered_scalar
mean: 12.378719ms
min: 12.158042ms
max: 13.867291ms
median: 12.335084ms
iterations: 200
vs_previous: 12.287164ms -> 12.378719ms (+0.7%) same