name: bench_threshold_mask_4k/filtered_simd
mean: 2.669068ms
min: 2.408584ms
max: 3.748917ms
median: 2.640458ms
iterations: 50
vs_previous: 2.631437ms -> 2.669068ms (+1.4%) same