name: bench_threshold_mask_4k/filtered_simd
mean: 5.078288ms
min: 4.979207ms
max: 5.168097ms
median: 5.075891ms
iterations: 10
