name: bench_threshold_mask_4k/filtered_scalar
mean: 13.127384ms
min: 12.783331ms
max: 13.43441ms
median: 13.219139ms
iterations: 10
