name: bench_threshold_mask_4k/filtered_scalar
mean: 13.02692ms
min: 12.118836ms
max: 13.525383ms
median: 13.081576ms
iterations: 10
vs_previous: 13.127384ms -> 13.02692ms (-0.8%) same