name: bench_threshold_mask_4k/scalar
mean: 7.915334ms
min: 7.761217ms
max: 7.989314ms
median: 7.945891ms
iterations: 10
vs_previous: 7.954141ms -> 7.915334ms (-0.5%) same
