name: bench_threshold_mask_4k/scalar
mean: 15.530119ms
min: 15.237959ms
max: 16.749792ms
median: 15.485625ms
iterations: 200
vs_previous: 15.750714ms -> 15.530119ms (-1.4%) same