name: bench_threshold_mask_4k/scalar
mean: 8.246828ms
min: 8.173634ms
max: 8.293715ms
median: 8.275259ms
iterations: 10
vs_previous: 7.980932ms -> 8.246828ms (+3.3%) same
