name: bench_threshold_mask_4k/scalar
mean: 15.606664ms
min: 15.383785ms
max: 15.944355ms
median: 15.599907ms
iterations: 10
vs_previous: 15.612084ms -> 15.606664ms (-0.0%) same