name: bench_threshold_mask_4k/scalar
mean: 15.359627ms
min: 15.110208ms
max: 15.630238ms
median: 15.438343ms
iterations: 10
vs_previous: 8.246828ms -> 15.359627ms (+86.2%) SLOWER
