name: bench_threshold_mask_4k/scalar
mean: 15.987451ms
min: 15.607771ms
max: 18.093723ms
median: 15.724243ms
iterations: 10
vs_previous: 15.359627ms -> 15.987451ms (+4.1%) same
