name: bench_threshold_mask_4k/simd
mean: 8.114801ms
min: 8.027223ms
max: 8.362958ms
median: 8.10369ms
iterations: 10
vs_previous: 7.930048ms -> 8.114801ms (+2.3%) same
