name: bench_threshold_mask_4k/simd
mean: 6.863746ms
min: 6.814423ms
max: 7.001199ms
median: 6.84385ms
iterations: 10
vs_previous: 8.114801ms -> 6.863746ms (-15.4%) faster
