name: bench_threshold_mask_4k/simd
mean: 6.98222ms
min: 6.925864ms
max: 7.080849ms
median: 6.980759ms
iterations: 10
vs_previous: 6.863746ms -> 6.98222ms (+1.7%) same
