name: bench_threshold_mask_4k/simd
mean: 3.476112ms
min: 3.17875ms
max: 4.120167ms
median: 3.436292ms
iterations: 200
vs_previous: 3.490957ms -> 3.476112ms (-0.4%) same