name: bench_threshold_mask_4k/simd
mean: 6.010524ms
min: 5.848856ms
max: 6.44065ms
median: 5.992643ms
iterations: 200
vs_previous: 6.029493ms -> 5.992643ms (-0.6%) same