name: bench_threshold_mask_4k/simd
mean: 7.929043ms
min: 7.807655ms
max: 8.25755ms
median: 7.880225ms
iterations: 10
vs_previous: 7.849219ms -> 7.929043ms (+1.0%) same
