name: bench_threshold_mask_4k/simd
mean: 6.889365ms
min: 6.854707ms
max: 7.009982ms
median: 6.876969ms
iterations: 10
vs_previous: 6.98222ms -> 6.889365ms (-1.3%) same
