name: bench_threshold_mask_4k/simd
mean: 3.571187ms
min: 3.322916ms
max: 3.732417ms
median: 3.63675ms
iterations: 10
vs_previous: 3.42722ms -> 3.571187ms (+4.2%) same