name: bench_threshold_mask_4k/simd
mean: 6.902943ms
min: 6.8609ms
max: 7.063326ms
median: 6.889905ms
iterations: 10
vs_previous: 6.889365ms -> 6.902943ms (+0.2%) same